Year	Month	Anomaly
1753	1	0.222
1753	2	-1.182
1753	3	2.196
1753	4	-0.028
1753	5	0.536
1753	6	0.245
1753	7	0.139
1753	8	-0.236
1753	9	0.331
1753	10	0.423
1753	11	-0.212
1753	12	-5.841
1754	1	-0.347
1754	2	-3.112
1754	3	-0.142
1754	4	2.899
1754	5	0.538
1754	6	1.362
1754	7	0.066
1754	8	-1.418
1754	9	-1.006
1754	10	0.148
1754	11	-0.463
1754	12	0.487
1755	1	-1.215
1755	2	-3.105
1755	3	-0.522
1755	4	0.012
1755	5	1.636
1755	6	2.426
1755	7	1.415
1755	8	-1.194
1755	9	-0.221
1755	10	0.256
1755	11	0.705
1755	12	-2.14
1756	1	2.923
1756	2	4.845
1756	3	0.563
1756	4	1.085
1756	5	0.335
1756	6	1.931
1756	7	0.695
1756	8	-1.925
1756	9	0.06
1756	10	-1.026
1756	11	-1.918
1756	12	-3.301
1757	1	-2.226
1757	2	2.839
1757	3	0.891
1757	4	1.369
1757	5	0.947
1757	6	4.118
1757	7	4.561
1757	8	1.343
1757	9	1.77
1757	10	-4.395
1757	11	-0.725
1757	12	-4.41
1758	1	-5.039
1758	2	-1.551
1758	3	-0.765
1758	4	-1.592
1758	5	-1.776
1758	6	-0.219
1758	7	0.043
1758	8	-1.933
1758	9	-2.267
1758	10	-5.443
1758	11	-0.765
1758	12	-1.881
1759	1	3.437
1759	2	2.145
1759	3	0.486
1759	4	-2.205
1759	5	-2.372
1759	6	0.889
1759	7	-0.834
1759	8	1.609
1759	9	-0.027
1759	10	-1.922
1759	11	-2.687
1759	12	-6.971
1760	1	-5.456
1760	2	0.35
1760	3	-3.037
1760	4	-2.919
1760	5	-1.006
1760	6	-0.985
1760	7	-1.259
1760	8	-0.63
1760	9	0.115
1760	10	-2.836
1760	11	-0.826
1760	12	-2.429
1761	1	-0.975
1761	2	0.202
1761	3	2.416
1761	4	-1.571
1761	5	1.018
1761	6	3.142
1761	7	3.472
1761	8	1.198
1761	9	1.217
1761	10	-2.596
1761	11	-1.275
1761	12	-6.35
1762	1	4.806
1762	2	3.584
1762	3	-0.537
1762	4	0.297
1762	5	-1.166
1762	6	1.319
1762	7	-0.226
1762	8	-1.096
1762	9	-2.216
1762	10	-4.152
1762	11	0.897
1762	12	-2.184
1763	1	-1.189
1763	2	-1.557
1763	3	-3.829
1763	4	-1.529
1763	5	-0.482
1763	6	-1.242
1763	7	2.431
1763	8	-0.206
1763	9	-1.419
1763	10	-3.85
1763	11	-1.892
1763	12	-0.191
1764	1	0.66
1764	2	4.2
1764	3	1.361
1764	4	-1.036
1764	5	-0.903
1764	6	-1.857
1764	7	-0.029
1764	8	-0.834
1764	9	-0.419
1764	10	0.266
1764	11	-0.459
1764	12	1.4
1765	1	2.596
1765	2	0.381
1765	3	2.488
1765	4	0.821
1765	5	-1.042
1765	6	-1.81
1765	7	-0.05
1765	8	0.146
1765	9	-0.804
1765	10	-1.052
1765	11	0.587
1765	12	-0.535
1766	1	-2.84
1766	2	0.901
1766	3	1.737
1766	4	0.473
1766	5	0.576
1766	6	0.056
1766	7	-0.345
1766	8	-0.251
1766	9	0.812
1766	10	-0.643
1766	11	1.842
1766	12	-1.353
1767	1	-4.105
1767	2	0.138
1767	3	2.337
1767	4	-3.151
1767	5	-0.977
1767	6	0.731
1767	7	-1.151
1767	8	1.581
1767	9	1.345
1767	10	0.062
1767	11	3.603
1767	12	-1.654
1768	1	-4.582
1768	2	-3.505
1768	3	-3.922
1768	4	-1.265
1768	5	-2.847
1768	6	-0.346
1768	7	0.333
1768	8	-0.856
1768	9	-0.543
1768	10	-1.781
1768	11	-0.049
1768	12	2.159
1769	1	3.211
1769	2	0.46
1769	3	0.83
1769	4	-0.199
1769	5	1.241
1769	6	2.011
1769	7	0.132
1769	8	0.335
1769	9	-0.095
1769	10	-4.391
1769	11	-3.196
1769	12	-3.95
1770	1	0.774
1770	2	0.695
1770	3	-4.964
1770	4	2.058
1770	5	-0.752
1770	6	-1.33
1770	7	-2.809
1770	8	-1.404
1770	9	0.479
1770	10	1.434
1770	11	0.586
1770	12	3.063
1771	1	2.421
1771	2	-5.05
1771	3	-4.553
1771	4	-3.429
1771	5	-2.029
1771	6	1.941
1771	7	-0.135
1771	8	-0.058
1771	9	0.421
1771	10	0.817
1771	11	-1.65
1771	12	0.219
1772	1	-1.113
1772	2	-4.305
1772	3	-2.802
1772	4	-0.101
1772	5	-2.334
1772	6	-1.219
1772	7	0.445
1772	8	0.738
1772	9	-0.208
1772	10	1.365
1772	11	3.749
1772	12	3.062
1773	1	-2.918
1773	2	-0.377
1773	3	0.132
1773	4	2.175
1773	5	2.819
1773	6	0.2
1773	7	1.189
1773	8	0.923
1773	9	1.508
1773	10	0.993
1773	11	-1.311
1773	12	2.327
1774	1	-2.97
1774	2	2.236
1774	3	0.812
1774	4	1.419
1774	5	5.179
1774	6	3.698
1774	7	3.338
1774	8	0.488
1774	9	-0.463
1774	10	-1.093
1774	11	-6.345
1774	12	-2.521
1775	1	1.275
1775	2	2.828
1775	3	3.071
1775	4	-1.219
1775	5	-0.452
1775	6	-0.44
1775	7	1.728
1775	8	2.54
1775	9	1.856
1775	10	2.688
1775	11	0.365
1775	12	-0.585
1776	1	-4.848
1776	2	4.06
1776	3	0.359
1776	4	-1.785
1776	5	0.006
1776	6	1.663
1776	7	1.149
1776	8	1.083
1776	9	-0.843
1776	10	-1.196
1776	11	-1.251
1776	12	1.734
1777	1	2.913
1777	2	-0.251
1777	3	-0.81
1777	4	-3.49
1777	5	1.496
1777	6	0.041
1777	7	-1.2
1777	8	-1.485
1777	9	-1.572
1777	10	-2.368
1777	11	0.593
1777	12	1.641
1778	1	0.992
1778	2	2.289
1778	3	0.139
1778	4	2.389
1778	5	0.226
1778	6	-0.446
1778	7	0.781
1778	8	-1.018
1778	9	1.215
1778	10	-2.359
1778	11	-2.863
1778	12	-0.057
1779	1	-0.574
1779	2	3.106
1779	3	2.741
1779	4	0.84
1779	5	2.745
1779	6	-0.57
1779	7	-1.197
1779	8	0.49
1779	9	0.827
1779	10	0.24
1779	11	0.617
1779	12	0.794
1780	1	-2.66
1780	2	-1.448
1780	3	3.015
1780	4	1.641
1780	5	1.081
1780	6	-0.524
1780	7	1.719
1780	8	-1.623
1780	9	-2.467
1780	10	0.566
1780	11	0.665
1780	12	-2.942
1781	1	-0.772
1781	2	-1.491
1781	3	-0.079
1781	4	-1.844
1781	5	-0.877
1781	6	-1.147
1781	7	0.024
1781	8	2.383
1781	9	1.579
1781	10	-0.615
1781	11	3.574
1781	12	-3.492
1782	1	1.474
1782	2	-5.541
1782	3	-0.399
1782	4	-1.198
1782	5	-0.068
1782	6	-0.581
1782	7	-0.286
1782	8	0.439
1782	9	0.511
1782	10	0.915
1782	11	-0.31
1782	12	-4.856
1783	1	-5.332
1783	2	3.139
1783	3	-0.385
1783	4	-0.259
1783	5	2.736
1783	6	3.041
1783	7	-0.853
1783	8	1.67
1783	9	-0.157
1783	10	-0.227
1783	11	-4.117
1783	12	-2.441
1784	1	0.586
1784	2	-1.343
1784	3	-1.698
1784	4	0.714
1784	5	-2.6
1784	6	-0.794
1784	7	0.781
1784	8	3.045
1784	9	-1.207
1784	10	-1.74
1784	11	0.584
1784	12	0.033
1785	1	0.071
1785	2	-1.075
1785	3	-5.486
1785	4	-2.722
1785	5	-2.099
1785	6	-0.505
1785	7	-0.184
1785	8	0.656
1785	9	-1.307
1785	10	-2.895
1785	11	1.314
1785	12	-3.852
1786	1	-0.612
1786	2	-1.636
1786	3	-1.36
1786	4	1.277
1786	5	-1.17
1786	6	-0.636
1786	7	1.091
1786	8	1.902
1786	9	1.982
1786	10	-1.991
1786	11	-4.86
1786	12	-3.21
1787	1	1.412
1787	2	0.19
1787	3	0.747
1787	4	-1.255
1787	5	1.506
1787	6	1.813
1787	7	-0.446
1787	8	-0.265
1787	9	-1.706
1787	10	0.396
1787	11	-0.374
1787	12	-2.163
1788	1	-1.084
1788	2	1.165
1788	3	-1.229
1788	4	-1.132
1788	5	-1.394
1788	6	1.149
1788	7	3.547
1788	8	0.214
1788	9	0.86
1788	10	-1.078
1788	11	-0.956
1788	12	-10.13
1789	1	0.323
1789	2	-0.103
1789	3	-4.203
1789	4	-1.535
1789	5	2.211
1789	6	0.198
1789	7	3.048
1789	8	1.221
1789	9	1.295
1789	10	-0.869
1789	11	1.143
1789	12	2.648
1790	1	1.521
1790	2	1.528
1790	3	0.697
1790	4	-4.157
1790	5	-1.146
1790	6	0.212
1790	7	-1.419
1790	8	-1.266
1790	9	-0.76
1790	10	-1.375
1790	11	-0.986
1790	12	2.632
1791	1	3.726
1791	2	4.27
1791	3	0.411
1791	4	1.156
1791	5	-2.545
1791	6	0.869
1791	7	-0.643
1791	8	-0.199
1791	9	-0.884
1791	10	-1.071
1791	11	0.045
1791	12	2.584
1792	1	-3.421
1792	2	-0.066
1792	3	-1.138
1792	4	-1.442
1792	5	-0.203
1792	6	0.923
1792	7	1.837
1792	8	-0.855
1792	9	2.886
1792	10	-2.276
1792	11	-1.11
1792	12	1.203
1793	1	-1.763
1793	2	4.206
1793	3	0.29
1793	4	-0.201
1793	5	-0.179
1793	6	0.537
1793	7	1.395
1793	8	-0.185
1793	9	-0.649
1793	10	-0.03
1793	11	1.218
1793	12	-2.603
1794	1	4.176
1794	2	2.482
1794	3	2.303
1794	4	1.061
1794	5	2.427
1794	6	0.299
1794	7	-0.381
1794	8	-0.572
1794	9	-0.741
1794	10	0.822
1794	11	0.188
1794	12	-2.068
1795	1	-1.218
1795	2	1.206
1795	3	0.709
1795	4	1.415
1795	5	-0.59
1795	6	0.828
1795	7	0.133
1795	8	-0.989
1795	9	-0.626
1795	10	-1.15
1795	11	0.039
1795	12	-0.966
1796	1	3.833
1796	2	0.79
1796	3	-2.482
1796	4	-1.82
1796	5	0.041
1796	6	1.812
1796	7	0.873
1796	8	1.155
1796	9	-0.374
1796	10	0.075
1796	11	-0.795
1796	12	-3.596
1797	1	3.142
1797	2	5.374
1797	3	-0.047
1797	4	-1.544
1797	5	-0.34
1797	6	2.354
1797	7	-0.022
1797	8	0.085
1797	9	2.407
1797	10	0.893
1797	11	-1.212
1797	12	1.397
1798	1	1.944
1798	2	1.313
1798	3	2.103
1798	4	-0.212
1798	5	1.4
1798	6	0.093
1798	7	1.665
1798	8	2.193
1798	9	0.465
1798	10	-0.759
1798	11	-0.932
1798	12	-4.053
1799	1	-1.013
1799	2	-6.721
1799	3	-2.58
1799	4	0.324
1799	5	-0.495
1799	6	1.019
1799	7	0.864
1799	8	0.234
1799	9	0.542
1799	10	0.425
1799	11	1.721
1799	12	-3.904
1800	1	-0.515
1800	2	-0.32
1800	3	-3.575
1800	4	1.157
1800	5	-0.671
1800	6	-0.035
1800	7	-1.599
1800	8	-0.151
1800	9	-1.853
1800	10	0.444
1800	11	1.153
1800	12	1.691
1801	1	1.65
1801	2	-0.589
1801	3	2.723
1801	4	-0.553
1801	5	3.657
1801	6	-0.943
1801	7	1.196
1801	8	-1.848
1801	9	-0.245
1801	10	-0.328
1801	11	1.214
1801	12	1.111
1802	1	0.876
1802	2	1.577
1802	3	3.08
1802	4	0.649
1802	5	-1.39
1802	6	-0.213
1802	7	0.983
1802	8	0.947
1802	9	-0.864
1802	10	1.248
1802	11	-2.07
1802	12	-0.843
1803	1	-6.824
1803	2	-3.412
1803	3	-0.146
1803	4	1.514
1803	5	2.271
1803	6	-0.139
1803	7	0.965
1803	8	2.164
1803	9	-0.11
1803	10	-0.553
1803	11	-0.639
1803	12	-4.767
1804	1	1.394
1804	2	-1.93
1804	3	-2.44
1804	4	1.661
1804	5	0.694
1804	6	-0.169
1804	7	1.978
1804	8	0.623
1804	9	0.959
1804	10	0.08
1804	11	-0.964
1804	12	-4.733
1805	1	-0.106
1805	2	-2.032
1805	3	0.948
1805	4	-1.31
1805	5	-0.393
1805	6	-0.228
1805	7	1.346
1805	8	1.688
1805	9	0.843
1805	10	-4.292
1805	11	-3.4
1805	12	0.856
1806	1	2.974
1806	2	-0.921
1806	3	-0.666
1806	4	-0.678
1806	5	0.301
1806	6	-2.452
1806	7	-1.621
1806	8	1.658
1806	9	2.415
1806	10	-1.375
1806	11	-1.184
1806	12	1.85
1807	1	-0.862
1807	2	3.723
1807	3	-0.342
1807	4	-2.486
1807	5	-2.867
1807	6	-0.531
1807	7	-0.579
1807	8	1.477
1807	9	0.246
1807	10	-1.061
1807	11	1.348
1807	12	1.955
1808	1	3.138
1808	2	-0.882
1808	3	-4.133
1808	4	-3.094
1808	5	-2.244
1808	6	0.628
1808	7	0.231
1808	8	0.117
1808	9	1.538
1808	10	0.81
1808	11	-1.301
1808	12	-6.162
1809	1	-7.619
1809	2	-2.493
1809	3	-5.885
1809	4	-3.245
1809	5	-2.348
1809	6	0.196
1809	7	-1.036
1809	8	0.213
1809	9	0.471
1809	10	-1.386
1809	11	-4.518
1809	12	0.662
1810	1	-0.028
1810	2	-0.38
1810	3	-2.098
1810	4	-4.476
1810	5	-3.906
1810	6	-3.126
1810	7	-1.694
1810	8	-1.222
1810	9	-1.595
1810	10	-2.797
1810	11	-3.641
1810	12	0.192
1811	1	-0.444
1811	2	-2.283
1811	3	1.767
1811	4	-3.47
1811	5	-0.928
1811	6	0.906
1811	7	-0.842
1811	8	-0.064
1811	9	-2.531
1811	10	-3.756
1811	11	-0.998
1811	12	1.348
1812	1	-0.826
1812	2	-1.327
1812	3	-1.717
1812	4	-2.548
1812	5	-2.716
1812	6	-1.068
1812	7	1.336
1812	8	2.847
1812	9	-3.026
1812	10	-0.271
1812	11	-2.939
1812	12	-8.727
1813	1	-6.708
1813	2	0.614
1813	3	-0.627
1813	4	0.551
1813	5	-1.079
1813	6	-1.57
1813	7	1.272
1813	8	-0.537
1813	9	1.261
1813	10	-2.346
1813	11	2.996
1813	12	-2.232
1814	1	-4.645
1814	2	-2.962
1814	3	-0.605
1814	4	-1.699
1814	5	-4.58
1814	6	-0.523
1814	7	0.425
1814	8	-0.141
1814	9	-1.081
1814	10	-3.244
1814	11	0.666
1814	12	2.062
1815	1	-1.483
1815	2	-1.006
1815	3	-0.608
1815	4	-1.914
1815	5	-2.074
1815	6	-2.167
1815	7	-1.865
1815	8	-0.139
1815	9	-0.752
1815	10	-1.21
1815	11	0.637
1815	12	-3.463
1816	1	2.346
1816	2	-4.835
1816	3	0.01
1816	4	-0.775
1816	5	-1.927
1816	6	-0.289
1816	7	-0.738
1816	8	-1.393
1816	9	0.08
1816	10	-2.416
1816	11	-0.086
1816	12	-1.085
1817	1	4.353
1817	2	3.713
1817	3	1.364
1817	4	-1.781
1817	5	-0.252
1817	6	-2.134
1817	7	0.067
1817	8	1.19
1817	9	-3.539
1817	10	-4.213
1817	11	-3.154
1817	12	-7.427
1818	1	2.739
1818	2	1.473
1818	3	2.498
1818	4	-0.398
1818	5	-1.804
1818	6	-0.873
1818	7	0.516
1818	8	-0.907
1818	9	-0.434
1818	10	-1.5
1818	11	-1.995
1818	12	0.183
1819	1	3.396
1819	2	-0.602
1819	3	-0.279
1819	4	-1.969
1819	5	-2.063
1819	6	0.88
1819	7	-0.806
1819	8	-0.28
1819	9	1.8
1819	10	1.285
1819	11	-2.834
1819	12	-7.669
1820	1	-4.905
1820	2	-2.483
1820	3	1.636
1820	4	1.157
1820	5	0.679
1820	6	-1.093
1820	7	-1.221
1820	8	-1.489
1820	9	-0.855
1820	10	0.472
1820	11	-0.625
1820	12	-3.614
1821	1	3.271
1821	2	-0.293
1821	3	-0.157
1821	4	0.609
1821	5	0.025
1821	6	-2.251
1821	7	-2.303
1821	8	-3.131
1821	9	-2.039
1821	10	-0.257
1821	11	1.173
1821	12	2.126
1822	1	4.975
1822	2	5.513
1822	3	4.329
1822	4	2.047
1822	5	-1.767
1822	6	-2.907
1822	7	-1.102
1822	8	-1.194
1822	9	-0.774
1822	10	0.289
1822	11	1.121
1822	12	-0.244
1823	1	-4.664
1823	2	-1.16
1823	3	2.805
1823	4	-1.955
1823	5	-0.413
1823	6	1.101
1823	7	0.456
1823	8	0.451
1823	9	0.482
1823	10	-0.112
1823	11	-0.655
1823	12	1.688
1824	1	3.505
1824	2	2.82
1824	3	3.05
1824	4	-0.19
1824	5	-2.591
1824	6	-2.494
1824	7	-1.651
1824	8	-1.064
1824	9	1.536
1824	10	0.032
1824	11	2.594
1824	12	4.414
1825	1	4.006
1825	2	-0.26
1825	3	-1.432
1825	4	-1.161
1825	5	-3.285
1825	6	-0.839
1825	7	-2.442
1825	8	-1.519
1825	9	-1.654
1825	10	0.285
1825	11	1.942
1825	12	-0.321
1826	1	-0.617
1826	2	-0.584
1826	3	0.713
1826	4	-0.431
1826	5	0.51
1826	6	0.083
1826	7	1.954
1826	8	0.88
1826	9	0.87
1826	10	-0.965
1826	11	1.616
1826	12	4.208
1827	1	2.743
1827	2	-0.181
1827	3	1.578
1827	4	1.338
1827	5	0.984
1827	6	1.002
1827	7	0.178
1827	8	-0.469
1827	9	-0.091
1827	10	-2.317
1827	11	-1.408
1827	12	-0.719
1828	1	-3.939
1828	2	-4.102
1828	3	-0.049
1828	4	0.398
1828	5	0.008
1828	6	0.695
1828	7	0.824
1828	8	0.249
1828	9	-1.458
1828	10	-1.787
1828	11	-1.979
1828	12	-5.36
1829	1	-4.39
1829	2	-2.214
1829	3	-2.739
1829	4	-2.485
1829	5	-1.163
1829	6	-0.353
1829	7	1.15
1829	8	-0.21
1829	9	1.447
1829	10	-1.489
1829	11	-3.172
1829	12	-4.864
1830	1	-3.355
1830	2	-1.44
1830	3	-0.567
1830	4	-0.745
1830	5	-1.255
1830	6	-0.13
1830	7	-0.189
1830	8	0.638
1830	9	-1.198
1830	10	-1.114
1830	11	0.505
1830	12	2.746
1831	1	-0.443
1831	2	1.237
1831	3	-1.382
1831	4	0.033
1831	5	-0.184
1831	6	0.168
1831	7	0.148
1831	8	-1.488
1831	9	-1.648
1831	10	-1.798
1831	11	-1.063
1831	12	-1.381
1832	1	1.125
1832	2	1.506
1832	3	-0.673
1832	4	-2.034
1832	5	-1.012
1832	6	-2.387
1832	7	-2.631
1832	8	-2.053
1832	9	-1.969
1832	10	-1.216
1832	11	-4.19
1832	12	-2.89
1833	1	-0.659
1833	2	1.538
1833	3	-1.265
1833	4	-0.522
1833	5	-0.932
1833	6	2.345
1833	7	0.309
1833	8	-2.156
1833	9	-0.905
1833	10	-0.974
1833	11	1.579
1833	12	-1.008
1834	1	-2.816
1834	2	-0.578
1834	3	1.396
1834	4	-1.891
1834	5	-0.31
1834	6	-0.759
1834	7	-0.115
1834	8	2.048
1834	9	-0.877
1834	10	0.379
1834	11	0.75
1834	12	-0.722
1835	1	2.877
1835	2	3.417
1835	3	1.573
1835	4	-0.835
1835	5	-2.31
1835	6	-0.699
1835	7	-1.278
1835	8	-4.082
1835	9	-1.277
1835	10	-0.745
1835	11	-3.771
1835	12	-7.976
1836	1	-0.445
1836	2	1.982
1836	3	5.06
1836	4	2.264
1836	5	-2.876
1836	6	-2.811
1836	7	-1.974
1836	8	-1.679
1836	9	-1.268
1836	10	1.413
1836	11	-0.599
1836	12	-0.493
1837	1	0.65
1837	2	0.194
1837	3	0.342
1837	4	0.236
1837	5	-0.987
1837	6	-1.335
1837	7	-3.021
1837	8	-1.123
1837	9	-1.653
1837	10	-2.444
1837	11	-0.101
1837	12	-4.918
1838	1	-6.682
1838	2	-3.186
1838	3	-0.998
1838	4	-0.277
1838	5	0.331
1838	6	-2.036
1838	7	-0.731
1838	8	-1.358
1838	9	1.297
1838	10	-2.072
1838	11	-1.077
1838	12	1.184
1839	1	3.164
1839	2	-0.214
1839	3	-4.437
1839	4	-3.82
1839	5	2.745
1839	6	-0.51
1839	7	2.492
1839	8	2.562
1839	9	1.526
1839	10	-0.348
1839	11	-1.599
1839	12	-9.459
1840	1	0.193
1840	2	-2.981
1840	3	-1.824
1840	4	-2.782
1840	5	-1.592
1840	6	-0.426
1840	7	-0.051
1840	8	-1.163
1840	9	0.071
1840	10	-2.095
1840	11	-1.247
1840	12	-6.443
1841	1	-1.159
1841	2	-5.453
1841	3	-0.826
1841	4	-0.753
1841	5	0.299
1841	6	3.038
1841	7	2.626
1841	8	1.683
1841	9	0.82
1841	10	1.739
1841	11	0.588
1841	12	1.136
1842	1	-2.246
1842	2	2.774
1842	3	-0.757
1842	4	-3.773
1842	5	0.107
1842	6	-1.78
1842	7	-0.33
1842	8	-0.225
1842	9	-1.251
1842	10	-1.815
1842	11	-0.199
1842	12	1.838
1843	1	5.271
1843	2	7.837
1843	3	0.147
1843	4	-2.572
1843	5	-3.961
1843	6	1.519
1843	7	-1.058
1843	8	-0.829
1843	9	-1.015
1843	10	0.903
1843	11	-0.42
1843	12	2.124
1844	1	1.868
1844	2	1.288
1844	3	-1.081
1844	4	-2.857
1844	5	1.801
1844	6	-2.353
1844	7	-0.609
1844	8	-0.207
1844	9	0.229
1844	10	-1.341
1844	11	-5.448
1844	12	-5.168
1845	1	3.228
1845	2	-4.928
1845	3	-4.906
1845	4	-4.292
1845	5	-3.158
1845	6	-1.726
1845	7	0.596
1845	8	-0.268
1845	9	-0.989
1845	10	-1.716
1845	11	1.952
1845	12	1.57
1846	1	0.832
1846	2	-0.401
1846	3	2.553
1846	4	-1.572
1846	5	-3.717
1846	6	-3.215
1846	7	1.05
1846	8	2.261
1846	9	-1.306
1846	10	0.886
1846	11	-1.462
1846	12	-0.658
1847	1	-0.594
1847	2	0.698
1847	3	-1.39
1847	4	-2.225
1847	5	-2.208
1847	6	0.453
1847	7	-1.333
1847	8	2.672
1847	9	3.483
1847	10	-0.382
1847	11	0.833
1847	12	-1.632
1848	1	-7.459
1848	2	4.172
1848	3	2.311
1848	4	4.736
1848	5	-0.903
1848	6	0.657
1848	7	0.717
1848	8	0.373
1848	9	0.676
1848	10	-0.195
1848	11	1.008
1848	12	-2.648
1849	1	-3.264
1849	2	2.22
1849	3	-0.743
1849	4	-3.548
1849	5	-1.807
1849	6	-1.483
1849	7	0.663
1849	8	-0.935
1849	9	-1.99
1849	10	0.441
1849	11	1.91
1849	12	-3.11
1850	1	-6.764
1850	2	1.126
1850	3	-2.44
1850	4	-3.288
1850	5	0.711
1850	6	1.069
1850	7	0.404
1850	8	2.973
1850	9	-1.3
1850	10	-2.291
1850	11	0.558
1850	12	1.734
1851	1	-0.279
1851	2	-2.933
1851	3	-3.494
1851	4	-0.01
1851	5	-0.151
1851	6	-1.295
1851	7	0.96
1851	8	0.174
1851	9	3.522
1851	10	0.502
1851	11	4.737
1851	12	2.638
1852	1	0.725
1852	2	-0.356
1852	3	-0.1
1852	4	-5.452
1852	5	-1.423
1852	6	1.459
1852	7	-2.558
1852	8	0.014
1852	9	-0.14
1852	10	-2.791
1852	11	-3.555
1852	12	1.001
1853	1	2.551
1853	2	2.372
1853	3	-1.691
1853	4	-2.422
1853	5	-0.679
1853	6	-1.163
1853	7	0.357
1853	8	-0.311
1853	9	-2.446
1853	10	1.728
1853	11	-0.392
1853	12	-1.325
1854	1	-4.033
1854	2	0.429
1854	3	-1.529
1854	4	-3.46
1854	5	3.075
1854	6	0.461
1854	7	1.188
1854	8	1.158
1854	9	-1.673
1854	10	1.807
1854	11	1.07
1854	12	4.031
1855	1	0.308
1855	2	-3.814
1855	3	-1.159
1855	4	0.408
1855	5	2.633
1855	6	1.908
1855	7	0.651
1855	8	-0.808
1855	9	-1.8
1855	10	1.212
1855	11	-1.141
1855	12	-6.96
1856	1	4.396
1856	2	-1.054
1856	3	-5.053
1856	4	-3.084
1856	5	0.449
1856	6	-0.147
1856	7	-0.847
1856	8	-3.546
1856	9	-0.876
1856	10	-2.601
1856	11	-3.096
1856	12	2.569
1857	1	1.895
1857	2	0.447
1857	3	2.835
1857	4	-1.23
1857	5	-2.317
1857	6	-1.225
1857	7	-1.581
1857	8	-0.759
1857	9	-2.983
1857	10	0.086
1857	11	-1.032
1857	12	1.739
1858	1	0.344
1858	2	-1.085
1858	3	-0.467
1858	4	-1.4
1858	5	1.703
1858	6	-1.16
1858	7	2.227
1858	8	-0.177
1858	9	0.252
1858	10	1.293
1858	11	-4.936
1858	12	0.077
1859	1	3.898
1859	2	3.492
1859	3	0.23
1859	4	0.453
1859	5	0.116
1859	6	1.813
1859	7	-0.569
1859	8	-0.122
1859	9	-0.084
1859	10	0.151
1859	11	0.719
1859	12	-0.1
1860	1	1.614
1860	2	-0.611
1860	3	-3.245
1860	4	0.203
1860	5	-0.842
1860	6	1.216
1860	7	0.802
1860	8	1.263
1860	9	1.605
1860	10	0.126
1860	11	-2.117
1860	12	-5.902
1861	1	-7.876
1861	2	0.772
1861	3	3.435
1861	4	-4.076
1861	5	-1.406
1861	6	-0.888
1861	7	2.653
1861	8	-0.097
1861	9	-0.398
1861	10	-1.628
1861	11	-0.143
1861	12	-1.158
1862	1	-6.41
1862	2	-6.436
1862	3	-0.45
1862	4	-0.628
1862	5	-1.795
1862	6	-0.543
1862	7	-0.388
1862	8	-1.947
1862	9	-0.532
1862	10	-1.609
1862	11	-4.146
1862	12	-5.997
1863	1	6.488
1863	2	3.52
1863	3	1.765
1863	4	-0.659
1863	5	0.712
1863	6	-1.402
1863	7	-1.791
1863	8	-0.086
1863	9	3.264
1863	10	0.383
1863	11	1.96
1863	12	0.92
1864	1	-0.663
1864	2	1.408
1864	3	2.262
1864	4	0.08
1864	5	-4.133
1864	6	2.916
1864	7	0.562
1864	8	-0.691
1864	9	-0.812
1864	10	-3.23
1864	11	-5.529
1864	12	-3.439
1865	1	3.576
1865	2	-3.504
1865	3	-2.413
1865	4	-2.365
1865	5	-1.498
1865	6	-3.438
1865	7	2.241
1865	8	-1.688
1865	9	-1.646
1865	10	-1.758
1865	11	1.274
1865	12	0.671
1866	1	6.004
1866	2	-2.341
1866	3	0.293
1866	4	-1.021
1866	5	-1.384
1866	6	1.137
1866	7	-0.251
1866	8	0.222
1866	9	3.406
1866	10	-2.886
1866	11	-0.605
1866	12	-0.744
1867	1	-0.158
1867	2	1.105
1867	3	-5.52
1867	4	-2.488
1867	5	-5.121
1867	6	-0.782
1867	7	0.087
1867	8	-1.532
1867	9	-1.676
1867	10	0.883
1867	11	-2.325
1867	12	-4.786
1868	1	-2.368
1868	2	-1.192
1868	3	0.731
1868	4	-1.742
1868	5	-1.18
1868	6	-0.809
1868	7	0.544
1868	8	1.986
1868	9	0.128
1868	10	1.412
1868	11	-2.429
1868	12	0.42
1869	1	-2.328
1869	2	5.007
1869	3	1.474
1869	4	-0.666
1869	5	-0.225
1869	6	0.191
1869	7	0.337
1869	8	2.469
1869	9	0.172
1869	10	0.497
1869	11	1.599
1869	12	2.169
1870	1	2.938
1870	2	-5.175
1870	3	0.227
1870	4	-0.672
1870	5	-1.844
1870	6	-1.302
1870	7	-0.643
1870	8	-1.888
1870	9	-1.688
1870	10	-2.259
1870	11	1.915
1870	12	-7.426
1871	1	-2.808
1871	2	-9.66
1871	3	1.749
1871	4	-1.645
1871	5	-4.513
1871	6	-1.158
1871	7	1.497
1871	8	-0.345
1871	9	-2.81
1871	10	-2.918
1871	11	-0.088
1871	12	-0.078
1872	1	3.475
1872	2	-3.556
1872	3	0.86
1872	4	2.409
1872	5	3.659
1872	6	0.818
1872	7	-1.492
1872	8	1.003
1872	9	-0.723
1872	10	1.383
1872	11	2.354
1872	12	0.969
1873	1	4.034
1873	2	-0.091
1873	3	-0.74
1873	4	-3.561
1873	5	-1.612
1873	6	1.476
1873	7	-0.4
1873	8	-0.57
1873	9	-0.751
1873	10	1.214
1873	11	-1.092
1873	12	1.811
1874	1	4.979
1874	2	1.018
1874	3	-0.31
1874	4	-1.482
1874	5	-3.102
1874	6	-1.862
1874	7	-1.308
1874	8	-0.22
1874	9	0.42
1874	10	1.762
1874	11	0.41
1874	12	2.24
1875	1	-2.26
1875	2	-1.141
1875	3	-4.791
1875	4	-4.79
1875	5	-1.399
1875	6	0.675
1875	7	0.474
1875	8	-0.82
1875	9	-2.896
1875	10	-3.335
1875	11	-2.688
1875	12	-8.892
1876	1	-1.959
1876	2	0.187
1876	3	3.276
1876	4	0.977
1876	5	-4.929
1876	6	2.257
1876	7	0.395
1876	8	-0.311
1876	9	1.849
1876	10	-2.221
1876	11	-3.352
1876	12	-9.812
1877	1	-0.252
1877	2	-1.978
1877	3	-0.964
1877	4	-2.736
1877	5	-1.922
1877	6	-1.782
1877	7	0.617
1877	8	-1.733
1877	9	-3.321
1877	10	-1.333
1877	11	3.389
1877	12	-0.303
1878	1	0.129
1878	2	2.519
1878	3	2.002
1878	4	0.168
1878	5	-1.883
1878	6	1.344
1878	7	-2.857
1878	8	-1.492
1878	9	1.558
1878	10	2.898
1878	11	3.909
1878	12	3.486
1879	1	-1.546
1879	2	3.475
1879	3	-1.23
1879	4	-0.276
1879	5	1.079
1879	6	-0.887
1879	7	-1.268
1879	8	-1.153
1879	9	0.214
1879	10	0.559
1879	11	-2.205
1879	12	-3.839
1880	1	-1.764
1880	2	-0.41
1880	3	-2.893
1880	4	-2.814
1880	5	-0.615
1880	6	-1.126
1880	7	-0.049
1880	8	0.643
1880	9	0.948
1880	10	-3.279
1880	11	0.134
1880	12	0.268
1881	1	-2.543
1881	2	0.026
1881	3	-1.411
1881	4	-3.009
1881	5	-0.848
1881	6	-1.104
1881	7	-0.048
1881	8	-0.522
1881	9	-1.7
1881	10	-2.409
1881	11	-1.048
1881	12	-1.183
1882	1	7.481
1882	2	3.59
1882	3	4.454
1882	4	-1.29
1882	5	0.897
1882	6	-0.924
1882	7	2.037
1882	8	2.298
1882	9	0.597
1882	10	-3.181
1882	11	-1.524
1882	12	-4.712
1883	1	-5.05
1883	2	-0.678
1883	3	-2.572
1883	4	-1.814
1883	5	1.674
1883	6	0.956
1883	7	0.699
1883	8	-1.171
1883	9	1.837
1883	10	0.36
1883	11	2.498
1883	12	1.778
1884	1	1.813
1884	2	2.051
1884	3	-2.654
1884	4	-4.335
1884	5	-2.801
1884	6	0.343
1884	7	-0.681
1884	8	-3.551
1884	9	-2.326
1884	10	0.735
1884	11	-1.031
1884	12	2.684
1885	1	0.163
1885	2	2.957
1885	3	1.197
1885	4	-2.275
1885	5	-0.278
1885	6	-1.424
1885	7	3.648
1885	8	-2.124
1885	9	-1.227
1885	10	0.564
1885	11	-3.444
1885	12	0.374
1886	1	1.922
1886	2	-3.528
1886	3	-2.036
1886	4	0.47
1886	5	-0.39
1886	6	-0.866
1886	7	-0.427
1886	8	-0.545
1886	9	-1.283
1886	10	-2.018
1886	11	1.989
1886	12	4.799
1887	1	2.731
1887	2	2.269
1887	3	-1.275
1887	4	-0.839
1887	5	2.284
1887	6	-3.072
1887	7	-0.158
1887	8	-1.047
1887	9	2.273
1887	10	-1.302
1887	11	-0.034
1887	12	1.541
1888	1	-2.638
1888	2	-1.915
1888	3	-4.651
1888	4	1.157
1888	5	-1.456
1888	6	-3.405
1888	7	-0.962
1888	8	-0.942
1888	9	-0.04
1888	10	-0.075
1888	11	-1.707
1888	12	-6.126
1889	1	-2.894
1889	2	-0.748
1889	3	-4.182
1889	4	-0.803
1889	5	3.116
1889	6	-1.493
1889	7	0.242
1889	8	-0.636
1889	9	-1.749
1889	10	2.347
1889	11	1.584
1889	12	-1.749
1890	1	2.747
1890	2	1.805
1890	3	3.66
1890	4	2.612
1890	5	1.097
1890	6	0.169
1890	7	1.949
1890	8	2.542
1890	9	0.818
1890	10	-1.646
1890	11	-4.19
1890	12	-5.796
1891	1	-4.778
1891	2	2.855
1891	3	3.177
1891	4	-0.428
1891	5	1.884
1891	6	-0.974
1891	7	1.813
1891	8	-0.93
1891	9	-1.143
1891	10	-0.632
1891	11	-5.412
1891	12	2.411
1892	1	-2.262
1892	2	1.712
1892	3	-0.533
1892	4	-1.839
1892	5	0.794
1892	6	0.235
1892	7	-0.58
1892	8	-0.413
1892	9	0.901
1892	10	-1.536
1892	11	-1.144
1892	12	-5.39
1893	1	-8.876
1893	2	-5.125
1893	3	0
1893	4	-4.795
1893	5	-1.642
1893	6	-1.254
1893	7	0.467
1893	8	0.101
1893	9	-0.302
1893	10	1.966
1893	11	-0.08
1893	12	0.879
1894	1	1.251
1894	2	3.666
1894	3	0.775
1894	4	0.12
1894	5	1.131
1894	6	-2.253
1894	7	-1.016
1894	8	0.686
1894	9	-3.532
1894	10	-2.208
1894	11	0.352
1894	12	-0.632
1895	1	2.449
1895	2	-3.296
1895	3	0.668
1895	4	-2.739
1895	5	-0.481
1895	6	0.401
1895	7	0.676
1895	8	-0.583
1895	9	-0.995
1895	10	2.487
1895	11	0.039
1895	12	-4.584
1896	1	-3.008
1896	2	-1.395
1896	3	0.141
1896	4	-3.916
1896	5	-1.301
1896	6	1.286
1896	7	0.364
1896	8	1.218
1896	9	0.537
1896	10	3.695
1896	11	-2.991
1896	12	-3.166
1897	1	-0.628
1897	2	-0.654
1897	3	0.017
1897	4	0.584
1897	5	4.686
1897	6	0.563
1897	7	1.559
1897	8	1.956
1897	9	0.867
1897	10	0.128
1897	11	-1.535
1897	12	-3.507
1898	1	3.027
1898	2	-0.413
1898	3	-4.951
1898	4	-3.324
1898	5	2.749
1898	6	-0.333
1898	7	1.103
1898	8	1.197
1898	9	-1.574
1898	10	-4.013
1898	11	2.54
1898	12	2.688
1899	1	5.581
1899	2	-0.16
1899	3	-2.19
1899	4	-0.251
1899	5	-0.975
1899	6	-3.173
1899	7	0.853
1899	8	-2.851
1899	9	0.905
1899	10	0.222
1899	11	2.074
1899	12	-4.758
1900	1	-2.32
1900	2	-0.829
1900	3	-0.359
1900	4	-2.5
1900	5	-2.107
1900	6	-2.346
1900	7	-0.406
1900	8	1.531
1900	9	-1.432
1900	10	1.445
1900	11	-1.644
1900	12	0.348
1901	1	2.958
1901	2	0.586
1901	3	-0.026
1901	4	0.014
1901	5	-0.796
1901	6	3.781
1901	7	0.108
1901	8	2.232
1901	9	-0.894
1901	10	0.533
1901	11	-1.489
1901	12	-1.963
1902	1	2.812
1902	2	1.356
1902	3	0.374
1902	4	-4.01
1902	5	-1.085
1902	6	-0.264
1902	7	-1.247
1902	8	-1.494
1902	9	-2.124
1902	10	-2.646
1902	11	-4.076
1902	12	-5.374
1903	1	2.414
1903	2	4.935
1903	3	2.313
1903	4	3.113
1903	5	0.12
1903	6	2.046
1903	7	0.809
1903	8	-0.342
1903	9	0.499
1903	10	-3.165
1903	11	1.28
1903	12	-0.986
1904	1	2.477
1904	2	3.803
1904	3	-1.807
1904	4	-1.245
1904	5	-2.767
1904	6	-3.736
1904	7	-2.873
1904	8	-1.379
1904	9	-2.025
1904	10	0.748
1904	11	-0.523
1904	12	-0.763
1905	1	-1.646
1905	2	2.698
1905	3	-0.224
1905	4	-1.289
1905	5	2.175
1905	6	1.446
1905	7	-0.983
1905	8	-0.417
1905	9	-0.349
1905	10	0.757
1905	11	1.474
1905	12	1.001
1906	1	3.169
1906	2	1.276
1906	3	1.806
1906	4	2.209
1906	5	4.98
1906	6	0.624
1906	7	1.269
1906	8	-1.248
1906	9	-2.634
1906	10	-0.763
1906	11	0.635
1906	12	-0.464
1907	1	-4.355
1907	2	-0.654
1907	3	0.334
1907	4	-1.553
1907	5	-1.795
1907	6	-0.618
1907	7	0.068
1907	8	-1.753
1907	9	-0.837
1907	10	1.367
1907	11	-4.289
1907	12	-7.014
1908	1	-0.605
1908	2	1.448
1908	3	-2.705
1908	4	-1.65
1908	5	-2.683
1908	6	-1.258
1908	7	-0.54
1908	8	-1.069
1908	9	-0.273
1908	10	-2.066
1908	11	-4.793
1908	12	-2.887
1909	1	0.159
1909	2	-2.317
1909	3	-1.219
1909	4	-2.96
1909	5	-3.398
1909	6	-1.074
1909	7	-1.429
1909	8	-0.256
1909	9	3.308
1909	10	2.87
1909	11	-0.564
1909	12	2.183
1910	1	3.08
1910	2	2.901
1910	3	2.251
1910	4	2.206
1910	5	0.852
1910	6	-0.078
1910	7	0.643
1910	8	-1.74
1910	9	-0.261
1910	10	-2.485
1910	11	-0.029
1910	12	3.223
1911	1	-0.543
1911	2	-5.077
1911	3	-1.26
1911	4	-0.362
1911	5	0.421
1911	6	-1.244
1911	7	-1.843
1911	8	0.309
1911	9	-1.209
1911	10	-0.888
1911	11	2.496
1911	12	0.017
1912	1	-4.601
1912	2	-3.643
1912	3	4.011
1912	4	-2.34
1912	5	-3.03
1912	6	1.904
1912	7	-2.365
1912	8	0.408
1912	9	-0.498
1912	10	-4.763
1912	11	-0.152
1912	12	2.907
1913	1	1.173
1913	2	-0.684
1913	3	2.957
1913	4	3.86
1913	5	-2.861
1913	6	-2.197
1913	7	-0.13
1913	8	1.978
1913	9	0.7
1913	10	-2.08
1913	11	3.492
1913	12	1.854
1914	1	0.336
1914	2	7.414
1914	3	2.643
1914	4	-1.462
1914	5	1.069
1914	6	0.353
1914	7	1.86
1914	8	-2.52
1914	9	-1.637
1914	10	-2.739
1914	11	-2.764
1914	12	2.476
1915	1	3.894
1915	2	3.057
1915	3	-3.187
1915	4	-0.657
1915	5	-1.135
1915	6	-2.109
1915	7	0.808
1915	8	-1.928
1915	9	-0.19
1915	10	-2.171
1915	11	-0.724
1915	12	-3.308
1916	1	4.119
1916	2	4.043
1916	3	-0.673
1916	4	0.649
1916	5	-2.306
1916	6	-1.073
1916	7	-0.175
1916	8	-2.341
1916	9	-2.347
1916	10	-0.96
1916	11	0.885
1916	12	-0.825
1917	1	-1.438
1917	2	-7.684
1917	3	-5.386
1917	4	0.757
1917	5	-3.969
1917	6	2.499
1917	7	-0.422
1917	8	1.693
1917	9	0.562
1917	10	1.705
1917	11	2.425
1917	12	-1.174
1918	1	2.667
1918	2	2.431
1918	3	-1.248
1918	4	1.089
1918	5	-5.206
1918	6	-1.404
1918	7	-0.239
1918	8	-2.051
1918	9	0.302
1918	10	3.214
1918	11	0.174
1918	12	-0.932
1919	1	0.961
1919	2	-0.839
1919	3	-3.181
1919	4	-0.169
1919	5	-2.916
1919	6	0.311
1919	7	0.906
1919	8	-1.937
1919	9	2.42
1919	10	0.35
1919	11	-5.634
1919	12	-1.882
1920	1	0.892
1920	2	-0.043
1920	3	3.438
1920	4	3.941
1920	5	3.096
1920	6	-1.59
1920	7	2.242
1920	8	1.83
1920	9	0.693
1920	10	-4.853
1920	11	-1.587
1920	12	-2.197
1921	1	1.391
1921	2	-1.374
1921	3	4.282
1921	4	4.719
1921	5	3.773
1921	6	0.87
1921	7	-2.054
1921	8	-0.348
1921	9	-1.527
1921	10	-1.417
1921	11	-3.686
1921	12	-2.508
1922	1	0.122
1922	2	0.246
1922	3	0.715
1922	4	-0.411
1922	5	0.448
1922	6	-0.728
1922	7	0.623
1922	8	-0.502
1922	9	-1.119
1922	10	-2.343
1922	11	0.984
1922	12	0.291
1923	1	3.146
1923	2	-3.748
1923	3	-0.362
1923	4	-3.98
1923	5	0.414
1923	6	-1.52
1923	7	-1.525
1923	8	-2.853
1923	9	1.568
1923	10	2.25
1923	11	4.344
1923	12	-0.315
1924	1	-2.688
1924	2	-2.188
1924	3	-2.127
1924	4	-1.782
1924	5	1.131
1924	6	1.325
1924	7	-1.552
1924	8	-0.271
1924	9	2.461
1924	10	-0.008
1924	11	0.426
1924	12	-0.547
1925	1	6.258
1925	2	6.906
1925	3	2.161
1925	4	1.724
1925	5	1.598
1925	6	-1.827
1925	7	1.174
1925	8	0.017
1925	9	-0.38
1925	10	-1.945
1925	11	-0.558
1925	12	-0.234
1926	1	-1.225
1926	2	-1.042
1926	3	-1.271
1926	4	-2.865
1926	5	0.825
1926	6	0.387
1926	7	-0.832
1926	8	-2.937
1926	9	-0.324
1926	10	-1.728
1926	11	4.031
1926	12	-2.36
1927	1	-3.448
1927	2	0.345
1927	3	0.645
1927	4	-1.164
1927	5	-2.224
1927	6	0.222
1927	7	0.829
1927	8	1.996
1927	9	1.067
1927	10	-0.523
1927	11	-0.68
1927	12	-4.91
1928	1	2.599
1928	2	-2.656
1928	3	-3.301
1928	4	-3.094
1928	5	-0.259
1928	6	-3.74
1928	7	-1.491
1928	8	-1.661
1928	9	0.196
1928	10	-0.524
1928	11	3.931
1928	12	-0.284
1929	1	-1.026
1929	2	-9.625
1929	3	-3.471
1929	4	-6.577
1929	5	2.295
1929	6	-2.351
1929	7	0.208
1929	8	2.193
1929	9	-1.595
1929	10	3.056
1929	11	2.488
1929	12	0.692
1930	1	5.322
1930	2	-0.872
1930	3	2.994
1930	4	1.488
1930	5	0.289
1930	6	-2.939
1930	7	-0.767
1930	8	2.212
1930	9	-2.185
1930	10	0.775
1930	11	1.807
1930	12	-3.393
1931	1	-0.586
1931	2	-5.38
1931	3	-1.223
1931	4	-2.448
1931	5	1.787
1931	6	-1.442
1931	7	2.244
1931	8	0.244
1931	9	-1.189
1931	10	-0.61
1931	11	-1.245
1931	12	-0.597
1932	1	6.45
1932	2	-5.11
1932	3	-3.751
1932	4	-0.859
1932	5	1.909
1932	6	0.354
1932	7	1.147
1932	8	2.38
1932	9	1.422
1932	10	1.357
1932	11	1.078
1932	12	4.938
1933	1	-2.298
1933	2	-1.143
1933	3	-0.097
1933	4	-0.841
1933	5	-2.413
1933	6	-1.436
1933	7	1.578
1933	8	-1.859
1933	9	0.125
1933	10	0.327
1933	11	-1.583
1933	12	-7.572
1934	1	2.277
1934	2	1.877
1934	3	1.616
1934	4	1.006
1934	5	2.521
1934	6	-2.444
1934	7	1.248
1934	8	0.444
1934	9	1.435
1934	10	2.687
1934	11	3.454
1934	12	-2.799
1935	1	-0.709
1935	2	4.222
1935	3	0.904
1935	4	-0.22
1935	5	-2.407
1935	6	0.472
1935	7	-2.444
1935	8	0.03
1935	9	0.58
1935	10	4.04
1935	11	-0.767
1935	12	1.168
1936	1	5.596
1936	2	-3.332
1936	3	2.017
1936	4	-0.702
1936	5	0.312
1936	6	2.537
1936	7	4.291
1936	8	1.161
1936	9	-0.645
1936	10	-2.365
1936	11	1.722
1936	12	3.941
1937	1	-1.292
1937	2	1.914
1937	3	2.543
1937	4	2.338
1937	5	-0.102
1937	6	0.932
1937	7	-0.078
1937	8	1.322
1937	9	3.254
1937	10	1.138
1937	11	1.461
1937	12	-1.369
1938	1	1.427
1938	2	2.788
1938	3	3.085
1938	4	-1.015
1938	5	-0.151
1938	6	-0.528
1938	7	4.576
1938	8	4.476
1938	9	3.937
1938	10	1.766
1938	11	4.474
1938	12	-3.648
1939	1	1.754
1939	2	4.94
1939	3	0.42
1939	4	-1.637
1939	5	-0.828
1939	6	0.95
1939	7	1.856
1939	8	2.259
1939	9	-2.192
1939	10	-2.753
1939	11	1.449
1939	12	-0.529
1940	1	-8.396
1940	2	-3.046
1940	3	-1.879
1940	4	-2.19
1940	5	0.24
1940	6	-0.769
1940	7	0.979
1940	8	1.323
1940	9	1.773
1940	10	-1.993
1940	11	3.283
1940	12	-1.256
1941	1	-4.019
1941	2	-0.702
1941	3	-2.549
1941	4	-3.624
1941	5	-4.618
1941	6	-3.827
1941	7	2.497
1941	8	0.463
1941	9	-1.716
1941	10	-2.511
1941	11	-3.785
1941	12	-5.353
1942	1	-8.986
1942	2	-2.643
1942	3	-6.248
1942	4	-2.43
1942	5	-0.525
1942	6	-2.269
1942	7	-0.203
1942	8	0.002
1942	9	-0.051
1942	10	1.565
1942	11	-2.188
1942	12	-0.818
1943	1	-4.405
1943	2	2.763
1943	3	0.858
1943	4	1.349
1943	5	0.294
1943	6	-0.377
1943	7	-0.326
1943	8	0.236
1943	9	-0.052
1943	10	1.281
1943	11	1.373
1943	12	2.788
1944	1	6.42
1944	2	3.487
1944	3	1.662
1944	4	-3.302
1944	5	-0.348
1944	6	-1.24
1944	7	0.089
1944	8	-0.43
1944	9	1.984
1944	10	0.825
1944	11	0.14
1944	12	-1.985
1945	1	-0.249
1945	2	-0.277
1945	3	-2.091
1945	4	-1.729
1945	5	-3.573
1945	6	-1.275
1945	7	0.142
1945	8	1.084
1945	9	-0.117
1945	10	-1.921
1945	11	-1.054
1945	12	-3.521
1946	1	2.124
1946	2	0.45
1946	3	-0.058
1946	4	-0.727
1946	5	-0.465
1946	6	3.033
1946	7	0.445
1946	8	2.163
1946	9	0.425
1946	10	-4.456
1946	11	-2.15
1946	12	-1.487
1947	1	-0.481
1947	2	-4.731
1947	3	-0.904
1947	4	0.146
1947	5	-1.533
1947	6	0.784
1947	7	0.084
1947	8	0.099
1947	9	0.762
1947	10	-1.666
1947	11	0.156
1947	12	2.692
1948	1	2.834
1948	2	-1.278
1948	3	-0.903
1948	4	0.385
1948	5	2.995
1948	6	3.293
1948	7	-1.659
1948	8	0.623
1948	9	-0.108
1948	10	0.002
1948	11	0.164
1948	12	1.166
1949	1	5.912
1949	2	1.412
1949	3	0.674
1949	4	-0.911
1949	5	2.683
1949	6	0.291
1949	7	-0.825
1949	8	-0.343
1949	9	0.745
1949	10	-0.018
1949	11	1.538
1949	12	2.296
1950	1	-7.492
1950	2	2.47
1950	3	1.528
1950	4	3.814
1950	5	-0.542
1950	6	-1.305
1950	7	-2.245
1950	8	-2.274
1950	9	1
1950	10	0.228
1950	11	1.321
1950	12	0.822
1951	1	-1.698
1951	2	-3.41
1951	3	0.166
1951	4	3.132
1951	5	-2.583
1951	6	0.272
1951	7	-0.226
1951	8	1.675
1951	9	1.088
1951	10	-1.977
1951	11	-2.792
1951	12	4.441
1952	1	5.968
1952	2	1.971
1952	3	-6.167
1952	4	-0.794
1952	5	-1.746
1952	6	0.117
1952	7	-0.513
1952	8	0.194
1952	9	1.06
1952	10	-0.479
1952	11	0.666
1952	12	0.382
1953	1	-0.11
1953	2	-6.262
1953	3	0.552
1953	4	1.68
1953	5	-0.955
1953	6	2.157
1953	7	0.765
1953	8	0.717
1953	9	-0.783
1953	10	1.161
1953	11	-1.49
1953	12	0.79
1954	1	-4.336
1954	2	-5.764
1954	3	0.146
1954	4	-2.188
1954	5	0.839
1954	6	2.145
1954	7	2.118
1954	8	1.639
1954	9	1.392
1954	10	0.881
1954	11	0.337
1954	12	1.39
1955	1	3.468
1955	2	2.367
1955	3	-1.34
1955	4	-3.845
1955	5	-1.838
1955	6	-1.697
1955	7	-0.421
1955	8	0.997
1955	9	2.815
1955	10	3.068
1955	11	-1.653
1955	12	-7.176
1956	1	-0.731
1956	2	-9.663
1956	3	-0.929
1956	4	-1.714
1956	5	-1.426
1956	6	3.307
1956	7	-2.633
1956	8	-1.606
1956	9	-2.233
1956	10	-0.01
1956	11	-4.215
1956	12	1.477
1957	1	3.486
1957	2	7.081
1957	3	-2.305
1957	4	1.111
1957	5	1.992
1957	6	-0.931
1957	7	0.309
1957	8	0.385
1957	9	1.32
1957	10	0.504
1957	11	0.726
1957	12	1.03
1958	1	2.658
1958	2	1.167
1958	3	-2.785
1958	4	-1.807
1958	5	0.849
1958	6	-1.816
1958	7	-0.272
1958	8	-0.998
1958	9	-1.693
1958	10	1.418
1958	11	0.881
1958	12	-0.771
1959	1	5.51
1959	2	3.34
1959	3	1.713
1959	4	1.135
1959	5	-0.6
1959	6	0.355
1959	7	2.373
1959	8	0.503
1959	9	-2.449
1959	10	-2.174
1959	11	-3.232
1959	12	-4.649
1960	1	0.44
1960	2	0.839
1960	3	-2.214
1960	4	-0.723
1960	5	-0.585
1960	6	1.521
1960	7	2.695
1960	8	-0.018
1960	9	-0.828
1960	10	-1.927
1960	11	-1.463
1960	12	6.379
1961	1	3.554
1961	2	5.952
1961	3	4.097
1961	4	-0.838
1961	5	-0.698
1961	6	2.092
1961	7	0.842
1961	8	0.113
1961	9	-0.986
1961	10	1.392
1961	11	-0.14
1961	12	-1.904
1962	1	5.15
1962	2	2.121
1962	3	-1.983
1962	4	2.198
1962	5	0.732
1962	6	-3.075
1962	7	-1.732
1962	8	-1.837
1962	9	-0.108
1962	10	1.596
1962	11	2.757
1962	12	-1.196
1963	1	-6.704
1963	2	-1.548
1963	3	-6.142
1963	4	-2.082
1963	5	3.795
1963	6	-2.905
1963	7	0.771
1963	8	1.175
1963	9	2.615
1963	10	1.147
1963	11	1.208
1963	12	-3.098
1964	1	1.823
1964	2	-2.098
1964	3	-2.85
1964	4	-0.985
1964	5	-0.959
1964	6	1.907
1964	7	1.38
1964	8	-0.873
1964	9	0.938
1964	10	2.333
1964	11	-0.644
1964	12	3.269
1965	1	0.161
1965	2	-1.637
1965	3	-0.284
1965	4	-3.247
1965	5	-2.705
1965	6	-0.905
1965	7	-1.553
1965	8	-0.988
1965	9	2.191
1965	10	-0.965
1965	11	-4.224
1965	12	4.528
1966	1	0.43
1966	2	0.205
1966	3	3.681
1966	4	3.441
1966	5	2.725
1966	6	-0.317
1966	7	0.809
1966	8	0.392
1966	9	-1.269
1966	10	1.208
1966	11	0.442
1966	12	-3.815
1967	1	-4.872
1967	2	-2.204
1967	3	3.714
1967	4	0.94
1967	5	4.156
1967	6	-0.516
1967	7	-0.586
1967	8	1.555
1967	9	0.457
1967	10	4.006
1967	11	1.942
1967	12	-3.766
1968	1	-6.317
1968	2	-0.45
1968	3	1.634
1968	4	0.858
1968	5	-0.269
1968	6	0.945
1968	7	-2.29
1968	8	1.212
1968	9	-0.087
1968	10	-1.785
1968	11	-1.32
1968	12	0.982
1969	1	-6.549
1969	2	-4.619
1969	3	-3.979
1969	4	0.371
1969	5	-1.292
1969	6	-2.007
1969	7	-0.509
1969	8	-0.352
1969	9	-0.995
1969	10	-0.26
1969	11	3.292
1969	12	-3.329
1970	1	-0.807
1970	2	0.204
1970	3	0.75
1970	4	0.314
1970	5	0.132
1970	6	-0.748
1970	7	1.272
1970	8	-0.375
1970	9	0.187
1970	10	0.504
1970	11	-0.28
1970	12	0.253
1971	1	5.997
1971	2	-0.723
1971	3	-0.74
1971	4	-1.669
1971	5	0.197
1971	6	-0.012
1971	7	-0.576
1971	8	0.11
1971	9	-0.025
1971	10	-1.34
1971	11	0.729
1971	12	0.646
1972	1	-5.375
1972	2	0.812
1972	3	0.759
1972	4	0.623
1972	5	0.246
1972	6	2.055
1972	7	3.597
1972	8	4.081
1972	9	0.101
1972	10	0.184
1972	11	1.245
1972	12	5.078
1973	1	-0.624
1973	2	5.245
1973	3	1.854
1973	4	2.363
1973	5	0.714
1973	6	1.06
1973	7	-0.039
1973	8	-0.86
1973	9	-3.583
1973	10	-1.519
1973	11	-0.739
1973	12	0.091
1974	1	-0.9
1974	2	7.011
1974	3	2.975
1974	4	-2.054
1974	5	-2.74
1974	6	-0.37
1974	7	-0.004
1974	8	-0.61
1974	9	1.899
1974	10	3.674
1974	11	3.141
1974	12	3.554
1975	1	6.147
1975	2	2.341
1975	3	4.332
1975	4	4.401
1975	5	3.514
1975	6	0.896
1975	7	0.252
1975	8	-1.217
1975	9	2.68
1975	10	-0.814
1975	11	-2.134
1975	12	1.943
1976	1	-2.62
1976	2	-3.448
1976	3	0.545
1976	4	0.237
1976	5	-1.649
1976	6	-2.904
1976	7	-1.854
1976	8	-2.048
1976	9	-1.42
1976	10	-5.826
1976	11	0.595
1976	12	2.378
1977	1	-1.774
1977	2	2.227
1977	3	2.479
1977	4	1.63
1977	5	1.732
1977	6	0.064
1977	7	0.318
1977	8	-0.848
1977	9	-1.487
1977	10	-1.595
1977	11	3.072
1977	12	-2.523
1978	1	1.393
1978	2	-1.111
1978	3	3.583
1978	4	-0.659
1978	5	-1.786
1978	6	-2.343
1978	7	-1.881
1978	8	-0.709
1978	9	-1.376
1978	10	-1.441
1978	11	3.576
1978	12	-8.502
1979	1	-0.598
1979	2	-0.813
1979	3	2.438
1979	4	-2.061
1979	5	4.119
1979	6	0.576
1979	7	-1.695
1979	8	0.302
1979	9	0.739
1979	10	-1.285
1979	11	0.454
1979	12	0.424
1980	1	-2.171
1980	2	0.868
1980	3	-3.702
1980	4	0.234
1980	5	-3.91
1980	6	1.078
1980	7	-0.717
1980	8	-1.712
1980	9	-0.16
1980	10	0.322
1980	11	-0.739
1980	12	1.693
1981	1	3.826
1981	2	3.273
1981	3	-0.042
1981	4	-2.186
1981	5	1.401
1981	6	2.741
1981	7	2.953
1981	8	0.561
1981	9	0
1981	10	2.678
1981	11	0.782
1981	12	2.277
1982	1	-0.192
1982	2	-0.5
1982	3	2.713
1982	4	-0.104
1982	5	-0.603
1982	6	-2.792
1982	7	-0.159
1982	8	0.239
1982	9	0.784
1982	10	-0.561
1982	11	3.358
1982	12	4.959
1983	1	5.73
1983	2	1.393
1983	3	1.809
1983	4	3.953
1983	5	3.064
1983	6	-1.791
1983	7	-0.247
1983	8	-0.538
1983	9	1.195
1983	10	1.151
1983	11	-0.191
1983	12	2.466
1984	1	5.088
1984	2	-2.364
1984	3	0.899
1984	4	1.953
1984	5	3.37
1984	6	-1.386
1984	7	-0.891
1984	8	-1.407
1984	9	1.478
1984	10	1.853
1984	11	-1.837
1984	12	-3.553
1985	1	-1.025
1985	2	-6.151
1985	3	-0.363
1985	4	-0.176
1985	5	0.758
1985	6	-1.702
1985	7	-1.635
1985	8	2.641
1985	9	-0.976
1985	10	1.248
1985	11	-2.071
1985	12	-0.745
1986	1	2.934
1986	2	-5.887
1986	3	3.091
1986	4	1.649
1986	5	1.006
1986	6	1.641
1986	7	-0.431
1986	8	-0.003
1986	9	-2.421
1986	10	-0.639
1986	11	1.11
1986	12	-1.547
1987	1	-8.48
1987	2	2.141
1987	3	-2.759
1987	4	-2.696
1987	5	0.241
1987	6	0.875
1987	7	-1.49
1987	8	-1.559
1987	9	-1.831
1987	10	-1.398
1987	11	-1.754
1987	12	-1.258
1988	1	2.01
1988	2	2.425
1988	3	2.512
1988	4	-0.327
1988	5	1.356
1988	6	2.617
1988	7	3.097
1988	8	-0.095
1988	9	0.339
1988	10	-0.228
1988	11	-3.484
1988	12	-1.358
1989	1	7.632
1989	2	8.117
1989	3	5.617
1989	4	2.367
1989	5	0.985
1989	6	3.489
1989	7	0.623
1989	8	-0.102
1989	9	1.278
1989	10	0.6
1989	11	-1.624
1989	12	0.689
1990	1	4.324
1990	2	9.13
1990	3	5.815
1990	4	2.677
1990	5	-1.7
1990	6	-2.224
1990	7	-0.796
1990	8	-0.602
1990	9	-1.54
1990	10	0.693
1990	11	1.904
1990	12	2.178
1991	1	3.713
1991	2	1.689
1991	3	1.79
1991	4	1.436
1991	5	0.802
1991	6	2.209
1991	7	0.113
1991	8	-0.312
1991	9	0.146
1991	10	1.925
1991	11	2.231
1991	12	1.854
1992	1	4.705
1992	2	4.124
1992	3	5.106
1992	4	-0.321
1992	5	-0.376
1992	6	-0.059
1992	7	0.343
1992	8	1.733
1992	9	1.995
1992	10	-2.675
1992	11	-1.272
1992	12	1.18
1993	1	5.177
1993	2	3.885
1993	3	1.419
1993	4	0.412
1993	5	2.043
1993	6	-2.556
1993	7	-0.688
1993	8	-1.162
1993	9	-3.783
1993	10	-0.312
1993	11	-6.87
1993	12	2.434
1994	1	6.202
1994	2	-3.346
1994	3	0.244
1994	4	1.846
1994	5	-2.272
1994	6	-1.829
1994	7	-0.345
1994	8	-0.696
1994	9	3.065
1994	10	0.319
1994	11	-0.842
1994	12	-2.598
1995	1	3.419
1995	2	7.794
1995	3	4.292
1995	4	3.329
1995	5	1.808
1995	6	2.736
1995	7	-0.776
1995	8	0.169
1995	9	1.515
1995	10	1.688
1995	11	-1.537
1995	12	-3.672
1996	1	-0.956
1996	2	-1.83
1996	3	-0.588
1996	4	0.81
1996	5	3.267
1996	6	-0.314
1996	7	0.461
1996	8	0.565
1996	9	-1.25
1996	10	1.011
1996	11	5.332
1996	12	-1.715
1997	1	1.966
1997	2	3.9
1997	3	2.441
1997	4	-0.866
1997	5	-0.925
1997	6	1.377
1997	7	0.504
1997	8	0.887
1997	9	-2.377
1997	10	-0.954
1997	11	0.859
1997	12	-1.961
1998	1	4.781
1998	2	1.523
1998	3	2.244
1998	4	-1.214
1998	5	1.153
1998	6	2.806
1998	7	0.6
1998	8	-1.176
1998	9	-0.126
1998	10	0.707
1998	11	-6.803
1998	12	-0.67
1999	1	5.27
1999	2	2.149
1999	3	2.447
1999	4	3.993
1999	5	-3.503
1999	6	4.131
1999	7	3.397
1999	8	-0.355
1999	9	0.637
1999	10	2.434
1999	11	-3.174
1999	12	4.077
2000	1	3.077
2000	2	5.729
2000	3	2.399
2000	4	5.296
2000	5	-1.603
2000	6	-0.917
2000	7	0.916
2000	8	0.17
2000	9	-0.995
2000	10	2.241
2000	11	1.692
2000	12	3.696
2001	1	5.476
2001	2	1.519
2001	3	1.227
2001	4	5.255
2001	5	-0.948
2001	6	-0.427
2001	7	4.546
2001	8	0.326
2001	9	0.861
2001	10	0.408
2001	11	0.995
2001	12	-5.274
2002	1	4.832
2002	2	8.206
2002	3	5.943
2002	4	1.696
2002	5	0.228
2002	6	0.43
2002	7	3.982
2002	8	0.663
2002	9	0.818
2002	10	-2.062
2002	11	-0.024
2002	12	-6.931
2003	1	2.339
2003	2	-0.398
2003	3	0.046
2003	4	-1.095
2003	5	2.869
2003	6	-3.463
2003	7	2.049
2003	8	0.269
2003	9	0.43
2003	10	0.528
2003	11	2.761
2003	12	3.687
2004	1	3.263
2004	2	1.481
2004	3	4.816
2004	4	-0.625
2004	5	-1.046
2004	6	-1.369
2004	7	0.621
2004	8	1.705
2004	9	1.101
2004	10	1.231
2004	11	-0.331
2004	12	3.11
2005	1	6.787
2005	2	-0.667
2005	3	-2.831
2005	4	1.662
2005	5	2.517
2005	6	-0.503
2005	7	0.946
2005	8	0.876
2005	9	2.134
2005	10	1.338
2005	11	2.699
2005	12	1.721
2006	1	-1.033
2006	2	-5.124
2006	3	-0.786
2006	4	0.479
2006	5	-0.217
2006	6	1.456
2006	7	-0.325
2006	8	0.966
2006	9	2.3
2006	10	2.236
2006	11	1.988
2006	12	7.162
2007	1	7.987
2007	2	-2.669
2007	3	7.946
2007	4	0.22
2007	5	3.126
2007	6	0.507
2007	7	0.6
2007	8	3.321
2007	9	1.003
2007	10	2.076
2007	11	-0.663
2007	12	3.84
2008	1	3.58
2008	2	7.083
2008	3	5.4
2008	4	4.006
2008	5	-1.092
2008	6	-1.102
2008	7	0.895
2008	8	1.45
2008	9	-0.029
2008	10	3.87
2008	11	3.462
2008	12	3.756
2009	1	3.92
2009	2	3.276
2009	3	2.744
2009	4	-0.189
2009	5	0.956
2009	6	0.581
2009	7	0.627
2009	8	-0.847
2009	9	2.91
2009	10	1.103
2009	11	3.79
2009	12	-0.476
2010	1	-5.456
2010	2	0.602
2010	3	2.023
2010	4	2.75
2010	5	4.324
2010	6	2.408
2010	7	6.82
2010	8	5.228
2010	9	0.832
2010	10	-1.072
2010	11	4.223
2010	12	-1.536
2011	1	1.918
2011	2	-2.479
2011	3	1.152
2011	4	0.929
2011	5	2.022
2011	6	2.277
2011	7	4.674
2011	8	1.899
2011	9	1.042
2011	10	1.556
2011	11	1.516
2011	12	5.782
2012	1	2.677
2012	2	-3.253
2012	3	0.593
2012	4	2.447
2012	5	2.632
2012	6	0.173
2012	7	2.241
2012	8	1.145
2012	9	1.739
2012	10	1.691
2012	11	2.936
2012	12	-2.44
